124301
165979
163604
161021
160095
157559
157245
156021
153018
152401
151655
151224
150664
150007
149548
145935
144241
144170
142334
133979
132716
131686
131479
131191
131008
130017
130002
124912
124765
124689
124493
124475
124034
123929
123705
123704
123512
121866
121414
121305
121303
121116
121082
120673
120670
120660
120635
120568
120523
120336
120204
119433
117054
116499
116416
116200
115486
115116
114943
114370
114279
112527
112526
112037
111328
111186
110645
110080
109866
109368
108957
107954
107926
105173
104163
103889
103552
102882
102818
102759
102719
102188
101546
100388
19953
19883
19795
19751
19741
19736
19635
19502
19371
18744
18138
18093
17878
17850
17700
17645
17464
17442
17439
16909
16760
16751
16662
16652
16378
16346
16242
16034
16013
15971
15883
15735
15718
15673
15669
15527
15521
15274
15238
15188
15046
14926
14752
14672
14640
14421
14384
14238
14195
14104
14059
14036
13982
13919
13824
13588
13458
13457
13131
13107
13087
13059
12962
12961
12639
12588
12468
12412
12410
12404
12308
12284
12215
12163
12110
12078
12076
12073
12011
11955
11826
11786
11761
11758
11656
11636
11309
11269
11177
11032
10663
10659
10564
10473
10192
10092
10064